,latitude,longitude,predict_latitude,predict_longitude,la_MAE,long_MAE
2,34.0430230998,-118.2671570778,34.0430230994,-118.26715707739999,0,0
14,42.34701377,-71.08740937,0.0,0.0,0,0
18,33.1376251269,-117.1891341384,0.0,0.0,0,0
21,33.8097343862,-117.9226773757,0.0,0.0,0,0
23,42.032112085,-76.017253515,0.0,0.0,0,0
26,36.97401648,-122.02598977,0.0,0.0,0,0
34,40.7544655167,-73.9771938,0.0,0.0,0,0
35,33.0795353146,-96.8230676651,0.0,0.0,0,0
61,41.1429861833,-81.3571345667,0.0,0.0,0,0
75,38.990272817,-94.608839717,0.0,0.0,0,0
78,37.4631242,-122.4311362167,0.0,0.0,0,0
82,37.7907800667,-122.3891674333,0.0,0.0,0,0
85,36.8599457333,-121.81537385,0.0,0.0,0,0
97,32.9815468196,-97.1600550001,0.0,0.0,0,0
100,51.5442272716,-0.2008000745,0.0,0.0,0,0
106,37.426615702,-122.1727752686,37.426615701,-122.1727752683,0,0
112,30.3891670333,-97.7528005,0.0,0.0,0,0
113,30.2654149575,-97.7401685715,0.0,0.0,0,0
115,39.1798446122,-76.6709661484,39.1798446121,-76.6709661482,0,0
123,37.4574535167,-122.1318668667,0.0,0.0,0,0
124,37.4178905947,-122.0255327225,0.0,0.0,0,0
134,34.713783854,-92.399225235,0.0,0.0,0,0
136,39.8772709259,-75.2416706085,0.0,0.0,0,0
141,30.259376483,-97.7383903,0.0,0.0,0,0
147,39.712733056,-86.2996673584,0.0,0.0,0,0
148,30.26175155,-97.7618140833,30.261751525,-97.76181408315,0,0
151,39.1917862889,-120.2483224869,39.191786288450004,-120.24832248645001,0,0
156,37.7513158645,-122.4318983585,0.0,0.0,0,0
177,40.5892234667,-105.0628651,0.0,0.0,0,0
193,38.8979376667,-94.7426296667,0.0,0.0,0,0
194,39.2974431129,-94.716053009,39.29744311245,-94.7160530045,0,0
198,51.91154645,4.457842567,51.911546425,4.4578425635,0,0
212,30.2690751548,-97.7421534061,0.0,0.0,0,0
213,41.2485643333,-76.9662792,0.0,0.0,0,0
216,36.1006963173,-115.2800599918,0.0,0.0,0,0
226,32.7783033,-96.7601235167,0.0,0.0,0,0
235,37.7405678203,-122.4345266819,0.0,0.0,0,0
238,41.9132146252,-87.6541511468,0.0,0.0,0,0
242,30.3322476314,-97.7402865887,0.0,0.0,0,0
259,39.09217715,-94.5835518833,0.0,0.0,0,0
266,30.2654334905,-97.755907774,0.0,0.0,0,0
317,42.3641514833,-71.0539950333,0.0,0.0,0,0
325,51.5158981939,-0.1641679345,0.0,0.0,0,0
328,30.4820721167,-97.8330089,0.0,0.0,0,0
345,40.7058460996,-74.0096315269,0.0,0.0,0,0
346,47.6625729741,-122.2978051007,0.0,0.0,0,0
353,30.26175155,-97.7618140833,30.261751525,-97.76181408315,0,0
356,36.0851449,-79.8317346833,0.0,0.0,0,0
358,33.8324948833,-116.5469258833,0.0,0.0,0,0
361,53.731926009,-0.571501087,0.0,0.0,0,0
365,37.8004505205,-122.43780182,0.0,0.0,0,0
369,45.5021803619,-122.5776637788,0.0,0.0,0,0
377,35.2400712333,-80.9182829167,0.0,0.0,0,0
381,30.17211269,-95.4749464989,0.0,0.0,0,0
388,30.2505218833,-97.74909495,0.0,0.0,0,0
390,37.3664565757,-121.9263339043,37.36645657535,-121.92633390415,0,0
398,34.101160315,-118.323356055,0.0,0.0,0,0
401,30.4607987667,-97.7920378333,0.0,0.0,0,0
405,37.7864788714,-122.403563261,37.7864788712,-122.4035632605,0,0
412,45.4737374581,-122.6479677883,0.0,0.0,0,0
414,35.6725153341,-105.9491980076,0.0,0.0,0,0
426,37.7736405578,-122.4214589596,0.0,0.0,0,0
430,45.5225425764,-122.6781222224,0.0,0.0,0,0
431,41.8844925568,-87.6257550637,0.0,0.0,0,0
442,40.083718433,-75.188045183,0.0,0.0,0,0
444,38.893793018,-77.428800235,0.0,0.0,0,0
450,44.8812351421,-93.2141017914,44.88123514205,-93.2141017912,0,0
451,34.2108995833,-118.8442333667,0.0,0.0,0,0
464,37.7864788714,-122.403563261,37.7864788712,-122.4035632605,0,0
470,37.7880847333,-122.3982718667,0.0,0.0,0,0
471,30.2602348501,-97.7509617805,30.26023485005,-97.75096178025001,0,0
473,37.7719215,-122.4301378667,0.0,0.0,0,0
488,38.9622402167,-94.66863155,0.0,0.0,0,0
490,30.4589581939,-97.7493524551,0.0,0.0,0,0
492,40.9502504667,-72.19905935,0.0,0.0,0,0
510,37.8102247204,-122.2659337521,37.8102247202,-122.26593375204999,0,0
526,40.771454246,-73.9560980547,0.0,0.0,0,0
532,47.67017475,11.8544984667,0.0,0.0,0,0
544,39.0897884833,-94.58637615,0.0,0.0,0,0
551,32.6719236333,-97.3759031167,0.0,0.0,0,0
561,40.5842192364,-105.0773975434,0.0,0.0,0,0
565,36.1391676272,-86.8005734874,0.0,0.0,0,0
574,30.31772055,-97.721806017,0.0,0.0,0,0
584,35.4795784627,-97.5216114521,0.0,0.0,0,0
601,40.7438999621,-73.9837896824,0.0,0.0,0,0
602,30.2557309927,-97.7633857727,30.25573099235,-97.76338577235,0,0
619,35.6807948322,139.7672080994,0.0,0.0,0,0
626,32.774301133,-97.081105817,0.0,0.0,0,0
643,21.5603633739,39.1850781441,0.0,0.0,0,0
656,48.475311265,2.494270346,0.0,0.0,0,0
662,40.3647172104,-74.6533660858,0.0,0.0,0,0
671,37.9106717,-121.5907165667,0.0,0.0,0,0
682,40.7415028054,-73.9938663778,0.0,0.0,0,0
700,52.377682433,9.741473083,0.0,0.0,0,0
703,30.4160607833,-97.6720403833,0.0,0.0,0,0
711,52.3121256761,4.9447059631,0.0,0.0,0,0
724,51.9131588,4.4601368667,0.0,0.0,0,0
728,41.118385515,-81.5504837036,0.0,0.0,0,0
735,36.0112840667,-83.9758644,0.0,0.0,0,0
746,47.612641,-122.1942122667,0.0,0.0,0,0
748,32.795697,-117.077734,0.0,0.0,0,0
755,39.043661356,-77.1720778942,0.0,0.0,0,0
766,-3.1311638547,-60.0229024887,0.0,0.0,0,0
774,33.9022521973,-84.4884033203,0.0,0.0,0,0
775,30.4728499833,-97.7739920167,30.47284998315,-97.77399201635001,0,0
776,43.6499929,-79.3893667,0.0,0.0,0,0
784,60.640797464,17.3935997486,0.0,0.0,0,0
800,51.97465775,7.6230865,0.0,0.0,0,0
811,34.067444317,-117.841320283,0.0,0.0,0,0
829,38.0381371167,-78.4907683167,0.0,0.0,0,0
833,37.6659341,-122.4528153833,0.0,0.0,0,0
836,36.1128126641,-115.1738834381,0.0,0.0,0,0
841,18.4252728203,-66.0629582405,0.0,0.0,0,0
851,33.45219685,-111.7095750333,0.0,0.0,0,0
852,40.3897225857,-74.7605198622,0.0,0.0,0,0
860,40.2445092643,-76.9957387447,0.0,0.0,0,0
862,36.104881736,-95.83366862,0.0,0.0,0,0
865,34.0287865038,-118.4116909006,0.0,0.0,0,0
880,59.83995687,17.59981477,0.0,0.0,0,0
883,41.3699655167,-72.0614493333,0.0,0.0,0,0
893,41.9104339333,-87.6502122167,0.0,0.0,0,0
908,39.9914815819,-104.9832487106,0.0,0.0,0,0
914,45.50794124,-73.5712699471,0.0,0.0,0,0
921,35.6366508368,139.5874786377,0.0,0.0,0,0
927,43.0476165139,-87.9654819557,0.0,0.0,0,0
930,35.48229992,-97.50346523,0.0,0.0,0,0
956,30.488943796,-97.679938134,0.0,0.0,0,0
957,45.50827955,-122.8312435,0.0,0.0,0,0
959,40.8047061019,-73.9667308331,0.0,0.0,0,0
967,39.9543869167,-82.8091168333,0.0,0.0,0,0
992,40.7317915,-74.04203915,0.0,0.0,0,0
1000,52.3651886127,4.9365663942,0.0,0.0,0,0
1002,29.1882755285,-82.1388745308,0.0,0.0,0,0
1003,44.9706292477,-93.2457655557,0.0,0.0,0,0
1014,40.7404811381,-73.9866987046,0.0,0.0,0,0
1015,19.4199428058,-99.1662991047,0.0,0.0,0,0
1021,33.1292308667,-96.8452537167,0.0,0.0,0,0
1022,42.303213862,-71.2194514275,0.0,0.0,0,0
1028,36.0257960636,-115.086261034,0.0,0.0,0,0
1031,47.38754835,-122.1991003,0.0,0.0,0,0
1046,36.1515319347,-85.5476939678,0.0,0.0,0,0
1056,21.5140302167,39.23036055,0.0,0.0,0,0
1060,37.420246612,-122.083526762,0.0,0.0,0,0
1073,47.488097567,19.061259083,0.0,0.0,0,0
1076,30.749907972,-95.609687359,0.0,0.0,0,0
1077,32.405582273,-88.688858726,0.0,0.0,0,0
1080,33.9362438667,-84.4964954167,0.0,0.0,0,0
1086,34.002221064,-118.4152364731,0.0,0.0,0,0
1093,33.1594781641,-117.3507320881,0.0,0.0,0,0
1099,39.9640969333,-75.1400440333,0.0,0.0,0,0
1105,-26.120698333,27.984176317,0.0,0.0,0,0
1107,33.7713500333,-97.1334939333,0.0,0.0,0,0
1114,40.4780964064,-88.9839524031,0.0,0.0,0,0
1121,34.0604814601,-117.5174260139,0.0,0.0,0,0
1124,59.49930977,17.60877352,0.0,0.0,0,0
1140,41.5194990868,2.3567175865,0.0,0.0,0,0
1141,45.478892872,9.221384742,0.0,0.0,0,0
1149,30.3577526333,-97.9577364167,0.0,0.0,0,0
1152,18.4646455,-66.2824344833,0.0,0.0,0,0
1157,33.2994650333,-111.8988631167,0.0,0.0,0,0
1164,42.15242455,-87.8773287333,0.0,0.0,0,0
1169,35.0806694498,-92.456920782,0.0,0.0,0,0
1182,38.0891412167,-122.5524180833,0.0,0.0,0,0
1208,40.7608686667,-73.9733049833,0.0,0.0,0,0
1215,29.68564325,-98.483951794,0.0,0.0,0,0
1219,33.1375815167,-96.8031533,0.0,0.0,0,0
1235,54.5971603378,-5.9266128841,0.0,0.0,0,0
1236,40.826946067,-73.9281177521,40.8269460635,-73.92811775205,0,0
1244,42.4471718434,-76.4831256866,0.0,0.0,0,0
1245,1.332606462,103.847869582,0.0,0.0,0,0
1249,30.4868282089,-97.6634573936,0.0,0.0,0,0
1250,16.774135,96.1639127,0.0,0.0,0,0
1252,42.426610783,-83.429924175,0.0,0.0,0,0
1279,38.2179204,-122.1445877167,38.217920199999995,-122.14458771635,0,0
1288,43.2214734205,-88.1067653904,0.0,0.0,0,0
1293,46.456155,16.992134,0.0,0.0,0,0
1299,40.463937879,-79.932046033,0.0,0.0,0,0
1307,37.3318803266,-122.0296311378,37.331880326299995,-122.0296311374,0,0
1319,30.4798868167,-97.8291347167,0.0,0.0,0,0
1326,53.9924319952,-1.0728675127,0.0,0.0,0,0
1339,31.1348778,-102.20555515,0.0,0.0,0,0
1340,42.499579237,-89.0354064577,0.0,0.0,0,0
1341,35.6590811107,139.7006705403,0.0,0.0,0,0
1351,39.6477897663,-78.7568624318,0.0,0.0,0,0
1352,42.3631559833,-87.99998425,0.0,0.0,0,0
1361,29.7556210278,-95.3666906985,0.0,0.0,0,0
1362,40.8032236167,-73.21265545,0.0,0.0,0,0
1366,41.4191443985,-81.9136272413,0.0,0.0,0,0
1382,34.674008343,135.497919753,0.0,0.0,0,0
1383,40.7350832833,-73.8742689833,0.0,0.0,0,0
1395,53.2113014832,6.5673458576,0.0,0.0,0,0
1398,30.2673238369,-97.7398252487,0.0,0.0,0,0
1416,32.848549983,-96.76967195,0.0,0.0,0,0
1417,30.2707337816,-97.7537029982,30.270733781300002,-97.7537029981,0,0
1428,40.7526027833,-73.9756617167,0.0,0.0,0,0
1431,30.2586223817,-97.744256258,0.0,0.0,0,0
1439,55.84993338,-4.2344138,0.0,0.0,0,0
1441,51.525596869,-0.109838507,0.0,0.0,0,0
1449,35.4857199,-97.5394757833,0.0,0.0,0,0
1454,37.8555459167,-122.2600355,0.0,0.0,0,0
1458,33.7588304755,-84.348936975,0.0,0.0,0,0
1468,59.216772208,17.9473257065,0.0,0.0,0,0
1475,51.5545209353,7.0675349236,0.0,0.0,0,0
1483,39.8998814821,-84.1843754053,0.0,0.0,0,0
1484,33.5662709233,-117.204618752,0.0,0.0,0,0
1488,32.82624304,-97.16647607,0.0,0.0,0,0
1494,51.4751024333,-0.2013516167,0.0,0.0,0,0
1502,29.9839699528,-90.2578353882,29.9839699524,-90.2578353881,0,0
1513,52.370342293,9.73587848,0.0,0.0,0,0
1514,42.979834285,-87.865595485,0.0,0.0,0,0
1519,45.42526615,-75.6917869,0.0,0.0,0,0
1541,40.7265920574,-74.0245485306,0.0,0.0,0,0
1545,30.26714855,-97.74442975,30.267148525000003,-97.744429725,0,0
1559,12.8508100762,77.6574075222,0.0,0.0,0,0
1583,36.0783439667,-79.9569993333,0.0,0.0,0,0
1584,37.7894040668,-122.3894119263,0.0,0.0,0,0
1587,43.0722354,-76.2135689,0.0,0.0,0,0
1589,36.242638367,-86.738733083,0.0,0.0,0,0
1598,39.1896689833,-106.8194774,0.0,0.0,0,0
1602,51.39690305,4.758388167,0.0,0.0,0,0
1610,34.0617613613,-118.1716489792,0.0,0.0,0,0
1611,44.9888581038,-93.2550752163,0.0,0.0,0,0
1612,38.74922984,-8.96653413,0.0,0.0,0,0
1615,40.760745229,-73.966214374,0.0,0.0,0,0
1620,41.35646551,-74.69424712,0.0,0.0,0,0
1637,56.0225175,12.7412201667,0.0,0.0,0,0
1640,39.920405,-77.641863,0.0,0.0,0,0
1641,62.3872231,17.30806975,0.0,0.0,0,0
1649,59.449418778,18.28979623,0.0,0.0,0,0
1652,-15.78705805,-47.88899111,0.0,0.0,0,0
1655,33.8793658,-117.88299382,0.0,0.0,0,0
1664,42.268544,-85.16591,0.0,0.0,0,0
1667,54.70230436,-6.1801244,0.0,0.0,0,0
1672,51.4880372696,-0.3162002563,0.0,0.0,0,0
1675,32.7554805833,-97.09719935,0.0,0.0,0,0
1679,49.1955627117,12.5162011385,0.0,0.0,0,0
1685,33.8223888833,-116.54673365,0.0,0.0,0,0
1717,36.0748477333,-115.2408922833,0.0,0.0,0,0
1747,29.9877985723,-95.3393554688,29.987798572149998,-95.33935546839999,0,0
1748,37.5254291296,-122.0035117865,0.0,0.0,0,0
1752,38.656924367,-75.5927932262,0.0,0.0,0,0
1761,37.450769942,-122.1776239446,0.0,0.0,0,0
1764,52.5106040333,13.3897063,0.0,0.0,0,0
1769,30.227192497,-97.8195244074,0.0,0.0,0,0
1776,42.6439797878,-83.2010293007,0.0,0.0,0,0
1779,33.6089783712,-117.9293605906,0.0,0.0,0,0
1784,38.2706954833,-122.0346528333,0.0,0.0,0,0
1793,33.5128021349,-82.0491866849,0.0,0.0,0,0
1794,45.88966935,-95.3692578,0.0,0.0,0,0
1797,59.9129603473,10.7396031132,0.0,0.0,0,0
1802,-33.8836342283,151.1938691139,0.0,0.0,0,0
1813,46.9998093108,9.5052720301,0.0,0.0,0,0
1817,37.4487585333,-122.1584795,0.0,0.0,0,0
1823,33.16981405,-96.6398672167,0.0,0.0,0,0
1828,34.0216463819,-118.280608356,34.02164638145,-118.28060835299999,0,0
1832,38.8553270667,-77.13974695,0.0,0.0,0,0
1835,30.2015573297,-97.6671266556,30.201557329350003,-97.6671266553,0,0
1848,41.9784147333,-87.668714,0.0,0.0,0,0
1849,52.9288586022,-1.21489048,0.0,0.0,0,0
1851,38.74572274,-90.34797583,0.0,0.0,0,0
1859,48.1114739833,-123.4125553333,0.0,0.0,0,0
1868,39.6789195086,-105.9052848816,0.0,0.0,0,0
1873,40.0918045044,-75.3998641968,0.0,0.0,0,0
1878,51.5459547386,-0.1041769981,0.0,0.0,0,0
1881,33.9946185,-118.4388893167,0.0,0.0,0,0
1923,30.464104668,-87.257527113,0.0,0.0,0,0
1925,40.76381433,-73.98198974,0.0,0.0,0,0
1932,37.7748023728,-122.410081029,0.0,0.0,0,0
1942,47.6107472682,-122.201492439,0.0,0.0,0,0
1958,50.881199039,4.7146317478,0.0,0.0,0,0
1967,36.1549509821,-115.3324292744,0.0,0.0,0,0
1969,40.7511286728,-74.0570101211,0.0,0.0,0,0
1992,49.2795557881,-123.1301173568,0.0,0.0,0,0
2011,43.192637257,140.796571248,0.0,0.0,0,0
2015,40.0127531411,-105.3250399232,0.0,0.0,0,0
2022,50.1219598613,8.6501024833,0.0,0.0,0,0
2027,48.5356967563,9.2803788185,0.0,0.0,0,0
2034,32.9770127,-97.0076035,0.0,0.0,0,0
2036,28.12526,-82.51947,0.0,0.0,0,0
2038,30.8527378833,-94.17252735,0.0,0.0,0,0
2041,34.1000765562,-118.3475214243,0.0,0.0,0,0
2062,33.1594306333,-117.350987,0.0,0.0,0,0
2072,41.869560827,-87.6328003407,0.0,0.0,0,0
2075,33.95763425,-118.4177789167,0.0,0.0,0,0
2084,33.650730183,-117.90877585,0.0,0.0,0,0
2092,42.0647826676,-88.2918598205,0.0,0.0,0,0
2096,51.214851165,-0.796536265,0.0,0.0,0,0
2100,43.2168064833,-79.7862811833,0.0,0.0,0,0
2101,35.1786839962,-101.8351399899,0.0,0.0,0,0
2106,36.0604095684,-95.8762693405,0.0,0.0,0,0
2107,33.176344985,-117.363392754,0.0,0.0,0,0
2113,50.93955419,6.939582263,0.0,0.0,0,0
2120,48.2512185548,14.2460975123,0.0,0.0,0,0
2121,40.005955099,-105.105342865,0.0,0.0,0,0
2127,37.7909637,-122.4095965,0.0,0.0,0,0
2142,32.9615062226,-96.8259429932,0.0,0.0,0,0
2143,34.9225340371,-120.4269468784,0.0,0.0,0,0
2153,40.7571383333,-73.6419646833,0.0,0.0,0,0
2163,19.6924942732,-101.1602586508,0.0,0.0,0,0
2173,47.741000454,13.348342197,0.0,0.0,0,0
2174,-37.8887249661,145.0829659373,0.0,0.0,0,0
2176,34.0341861667,-118.6932997833,0.0,0.0,0,0
2182,37.5891807333,-122.34377495,0.0,0.0,0,0
2194,40.622909517,-111.418598628,0.0,0.0,0,0
2200,43.3271295,-83.7401691167,0.0,0.0,0,0
2227,39.12764573,-77.07345205,0.0,0.0,0,0
2229,33.9485037167,-84.5134182833,0.0,0.0,0,0
2253,47.3675234458,8.5376188159,0.0,0.0,0,0
2260,34.0983009333,-118.3286333,0.0,0.0,0,0
2264,33.9806894996,-118.3960586786,0.0,0.0,0,0
2276,40.6107958986,-111.9814800878,0.0,0.0,0,0
2277,36.11527484,-115.29598605,0.0,0.0,0,0
2306,30.26230215,-97.7614974833,30.262302124999998,-97.76149748315001,0,0
2307,40.00987613,-83.00139981,0.0,0.0,0,0
2312,35.614846433,-97.450626333,0.0,0.0,0,0
2323,47.791568,12.99664,0.0,0.0,0,0
2328,40.7506056663,-73.9892935753,0.0,0.0,0,0
2331,51.26589305,-1.091039183,0.0,0.0,0,0
2342,36.06134641,-115.04455333,0.0,0.0,0,0
2344,44.9729046441,-93.2757496834,0.0,0.0,0,0
2349,32.94527184,-96.84303879,0.0,0.0,0,0
2351,41.9011750584,12.4642252922,0.0,0.0,0,0
2352,37.4385371333,-122.1593934667,0.0,0.0,0,0
2353,37.3640604623,-120.4276764393,0.0,0.0,0,0
2375,30.534871,-97.687402,0.0,0.0,0,0
2378,52.94778364,-1.14636623,0.0,0.0,0,0
2380,35.5717310167,-82.5014705,0.0,0.0,0,0
2384,52.0750551067,4.3082392216,0.0,0.0,0,0
2385,33.6996089,-117.908023567,0.0,0.0,0,0
2398,59.5184954723,17.9116201401,0.0,0.0,0,0
2412,40.7425960826,-73.9917058759,0.0,0.0,0,0
2418,38.7723921737,-121.271569168,0.0,0.0,0,0
2421,36.0161119694,-114.7371339798,36.0161119692,-114.7371339794,0,0
2429,37.7933426,-122.4088326833,0.0,0.0,0,0
2441,29.7328185183,-95.4630160332,0.0,0.0,0,0
2443,42.1340355529,-72.6252103141,0.0,0.0,0,0
2467,36.0848987512,-115.1490783691,36.0848987511,-115.14907836904999,0,0
2472,47.6906077667,-122.3231318167,0.0,0.0,0,0
2477,38.783310667,-77.56361815,0.0,0.0,0,0
2481,37.7981900667,-122.4223371833,0.0,0.0,0,0
2483,40.1145164166,-111.6545901602,0.0,0.0,0,0
2496,33.6028774833,-102.619433,0.0,0.0,0,0
2533,44.91797465,-93.49119945,0.0,0.0,0,0
2537,38.9043592893,-77.034856081,0.0,0.0,0,0
2538,47.6162095875,-122.3540389538,0.0,0.0,0,0
2539,31.6232913,-89.1824574833,0.0,0.0,0,0
2542,42.3680013081,-71.075963974,0.0,0.0,0,0
2549,32.716465693,-117.161139351,0.0,0.0,0,0
2557,40.9628967925,-76.6170242429,0.0,0.0,0,0
2558,33.0118484018,-96.9706320763,0.0,0.0,0,0
2568,29.7446039,-95.3855165167,0.0,0.0,0,0
2571,44.948626625,-93.2883024216,0.0,0.0,0,0
2573,39.0647517167,-77.1258331167,0.0,0.0,0,0
2575,30.4017738271,-97.726457119,0.0,0.0,0,0
2576,30.3277216132,-81.6567850113,0.0,0.0,0,0
2580,36.8666486667,-76.2967125667,0.0,0.0,0,0
2585,34.0842372,-117.348793,0.0,0.0,0,0
2602,57.168051624,-2.0963667711,0.0,0.0,0,0
2610,36.0657363,-79.8107731333,0.0,0.0,0,0
2611,38.8894587026,-77.0352530479,0.0,0.0,0,0
2624,38.9539024276,-94.7165679932,0.0,0.0,0,0
2632,42.7015142333,-71.4371895833,0.0,0.0,0,0
2637,30.2557309927,-97.7633857727,30.25573099235,-97.76338577235,0,0
2640,36.30407835,-94.1755369667,0.0,0.0,0,0
2661,43.8561019897,-70.1002120972,0.0,0.0,0,0
2670,43.0150376167,-89.4574889833,0.0,0.0,0,0
2671,30.443632761,-97.7414345741,0.0,0.0,0,0
2679,37.7977866095,-122.4007000454,0.0,0.0,0,0
2680,39.24844347,-84.34790543,0.0,0.0,0,0
2681,31.1057508981,-97.7493953705,0.0,0.0,0,0
2697,22.2666690801,114.3671929836,0.0,0.0,0,0
2712,44.1489887238,-94.0902775526,0.0,0.0,0,0
2720,19.3081131,-81.376537,0.0,0.0,0,0
2740,47.6394282167,-121.9021572,0.0,0.0,0,0
2743,35.7952573,-90.6834619,0.0,0.0,0,0
2746,37.687976079,-122.1301538422,0.0,0.0,0,0
2749,47.5975671167,-122.3265122833,0.0,0.0,0,0
2751,34.121927511,-117.198662729,0.0,0.0,0,0
2755,37.8737354974,-122.2541642189,0.0,0.0,0,0
2763,30.19433951,-97.77588152,0.0,0.0,0,0
2776,37.7794851167,-122.42033985,0.0,0.0,0,0
2779,39.0540502,-77.51224637,0.0,0.0,0,0
2788,35.1119232167,-92.44794325,0.0,0.0,0,0
2790,38.59509075,-121.4158069167,0.0,0.0,0,0
2793,39.184218608,-94.582837775,0.0,0.0,0,0
2794,32.8974616458,-97.040348053,32.8974616454,-97.0403480515,0,0
2797,44.983825,-93.39425,0.0,0.0,0,0
2798,40.7631536764,-73.9831995964,0.0,0.0,0,0
2807,35.05407994,-85.31069701,0.0,0.0,0,0
2808,39.2093649333,-94.6806640167,0.0,0.0,0,0
2809,29.7598854503,-95.3656545611,0.0,0.0,0,0
2812,38.9158050244,-94.6477746964,0.0,0.0,0,0
2822,39.99197,-82.742304,0.0,0.0,0,0
2823,45.56338085,-122.6728183833,0.0,0.0,0,0
2834,38.91792875,-77.0236039333,0.0,0.0,0,0
2839,45.5121764,-122.6129170333,0.0,0.0,0,0
2841,32.9267436167,-96.8311529833,0.0,0.0,0,0
2846,40.0168431447,-105.2806037664,0.0,0.0,0,0
2853,41.5934583167,-93.64301815,0.0,0.0,0,0
2858,33.2156494204,-97.1360814571,0.0,0.0,0,0
2860,36.3402780167,-94.17968175,0.0,0.0,0,0
2865,39.4635917984,-0.3565392287,0.0,0.0,0,0
2868,40.7425115937,-74.0060305595,0.0,0.0,0,0
2871,29.69382524,-95.67450612,0.0,0.0,0,0
2879,39.7466587167,-121.85140565,0.0,0.0,0,0
2888,28.3429704781,-81.5258717537,0.0,0.0,0,0
2891,41.929884711,-87.643100417,0.0,0.0,0,0
2899,30.2671848421,-97.7627635002,30.26718484205,-97.7627635001,0,0
2908,28.1925745855,-82.6345038414,0.0,0.0,0,0
2909,33.9259054167,-83.3399117333,0.0,0.0,0,0
2914,32.8364224383,-97.1320973995,0.0,0.0,0,0
2916,36.2407553,-115.1728024167,0.0,0.0,0,0
2917,46.5221867007,6.5660127997,0.0,0.0,0,0
2927,35.918526,-79.053848,0.0,0.0,0,0
2949,35.710555,139.774776,0.0,0.0,0,0
2950,34.0596992887,-118.2370090485,34.059699288350004,-118.23700904825,0,0
2968,42.731417,-73.794301,0.0,0.0,0,0
2979,33.8120650319,-117.9190063477,33.812065031450004,-117.91900634735,0,0
2982,34.0434178685,-118.4223571948,0.0,0.0,0,0
2996,38.7200070333,-77.1235923,0.0,0.0,0,0
3000,39.306866171,-76.61917103,0.0,0.0,0,0
3008,38.9122162167,-94.76002395,0.0,0.0,0,0
3010,22.2816260027,114.1535335779,0.0,0.0,0,0
3013,35.7758574989,-78.6389796701,0.0,0.0,0,0
3028,35.7879015833,-78.8271806167,35.78790158315,-78.82718061635,0,0
3034,44.5803847147,-123.2600355148,0.0,0.0,0,0
3041,38.7850629,-77.01678514,0.0,0.0,0,0
3045,42.0909538205,-71.2642979622,42.09095382025,-71.2642979621,0,0
3049,40.560631671,-111.938414548,0.0,0.0,0,0
3066,44.9761106027,-93.2551293313,0.0,0.0,0,0
3079,33.0534250333,-97.07203915,0.0,0.0,0,0
3082,51.4711990231,-0.4536151886,51.47119902305,-0.4536151883,0,0
3090,38.8966441,-77.0187520833,0.0,0.0,0,0
3098,47.6619623885,-122.4356907606,0.0,0.0,0,0
3104,34.0600147667,-84.2480269,0.0,0.0,0,0
3106,36.06197565,-115.25021708,0.0,0.0,0,0
3108,41.4620762667,-81.9566799167,0.0,0.0,0,0
3111,28.329035755,-81.42091232,0.0,0.0,0,0
3126,34.1961143486,-118.3539104462,34.1961143483,-118.3539104461,0,0
3131,44.9598020833,-89.6275795,44.959802083149995,-89.62757925,0,0
3139,30.2955357104,-97.7416491508,0.0,0.0,0,0
3144,36.0933061938,-115.1780896506,0.0,0.0,0,0
3151,39.5469778776,-119.7795528173,0.0,0.0,0,0
3157,39.0505436345,-95.6966793537,0.0,0.0,0,0
3166,40.7613333866,-73.9775025845,0.0,0.0,0,0
3167,33.5942211888,-112.3132735561,0.0,0.0,0,0
3171,30.4085133,-97.74667005,0.0,0.0,0,0
3176,30.4145713182,-97.7466259042,0.0,0.0,0,0
3177,47.6608201,-122.3341272833,0.0,0.0,0,0
3187,33.976606767,-117.552766433,0.0,0.0,0,0
3207,38.3679538965,-75.6220883131,0.0,0.0,0,0
3208,37.5050067833,-122.2592496833,0.0,0.0,0,0
3217,38.938903803,-77.3293380752,0.0,0.0,0,0
3219,39.85631051,-84.33440436,0.0,0.0,0,0
3222,32.6661543167,-97.3444367667,0.0,0.0,0,0
3225,40.68867176,-73.99307158,0.0,0.0,0,0
3228,42.4877323413,-83.5204696655,0.0,0.0,0,0
3232,33.52480691,-82.07254701,0.0,0.0,0,0
3236,47.6545286167,-122.32207775,0.0,0.0,0,0
3238,32.8362894,-97.1322298,0.0,0.0,0,0
3245,34.0085477333,-118.4138702667,0.0,0.0,0,0
3251,37.7879542018,-122.4075329304,37.7879542014,-122.4075329302,0,0
3252,42.3894079607,-71.1246487498,0.0,0.0,0,0
3256,33.1071035167,-96.8122909167,0.0,0.0,0,0
3283,29.4253664677,-98.486187458,0.0,0.0,0,0
3290,47.5074356731,19.060476827,0.0,0.0,0,0
3293,34.885509367,-76.91569815,0.0,0.0,0,0
3294,39.7737400237,-86.1676069142,0.0,0.0,0,0
3295,37.3331078167,-121.9104913,0.0,0.0,0,0
3314,25.794790919,-80.2793312073,0.0,0.0,0,0
3324,42.1463831,-77.0622882,0.0,0.0,0,0
3335,37.546041283,-77.4325135,0.0,0.0,0,0
3337,33.9435379571,-118.4071683884,33.94353795705,-118.4071683882,0,0
3349,40.4403896,116.5602452833,0.0,0.0,0,0
3354,28.3695766161,-81.5194988251,0.0,0.0,0,0
3357,38.8485445167,-77.53050255,0.0,0.0,0,0
3371,43.670535833,7.154511183,0.0,0.0,0,0
3383,30.3307962833,-97.7309713,0.0,0.0,0,0
3401,40.7424539061,-74.029112531,0.0,0.0,0,0
3415,33.1902529092,-97.1001291275,0.0,0.0,0,0
3427,32.8974616458,-97.040348053,32.8974616454,-97.0403480515,0,0
3429,47.3268395189,-122.3133122921,0.0,0.0,0,0
3438,39.7432067333,-105.0696912,0.0,0.0,0,0
3440,36.1087295333,-115.1513852,0.0,0.0,0,0
3441,38.9523338696,-77.4479484558,38.9523338693,-77.4479484554,0,0
3446,47.5039733833,-122.15907775,0.0,0.0,0,0
3449,40.06573,116.545061,0.0,0.0,0,0
3451,42.296770332,-71.397356987,0.0,0.0,0,0
3458,34.0056764586,-81.0354620218,0.0,0.0,0,0
3476,32.9274935,-97.0882484333,0.0,0.0,0,0
3480,40.779101065,-73.977445445,0.0,0.0,0,0
3484,-6.6015712945,106.806936264,0.0,0.0,0,0
3495,39.7197877833,-104.9541563333,0.0,0.0,0,0
3522,44.90842825,-93.3222710333,0.0,0.0,0,0
3525,47.443414388,-122.3025512695,47.443414384,-122.30255126925,0,0
3528,37.8090721333,-122.2598309833,0.0,0.0,0,0
3529,41.9780286285,-87.9036712646,41.97802862825,-87.9036712643,0,0
3534,37.7864788714,-122.403563261,37.7864788712,-122.4035632605,0,0
3537,37.7864788714,-122.403563261,37.7864788712,-122.4035632605,0,0
3545,37.784282779,-122.4091100693,0.0,0.0,0,0
3557,30.413631595,-97.6764178276,0.0,0.0,0,0
3568,30.2662621076,-97.7364373052,0.0,0.0,0,0
3574,30.26714855,-97.74442975,30.267148525000003,-97.744429725,0,0
3576,30.38710758,-97.75140742,0.0,0.0,0,0
3580,50.8099178525,8.7713679671,0.0,0.0,0,0
3581,30.4457858951,-97.7445363778,0.0,0.0,0,0
3587,30.26280055,-97.7250684167,0.0,0.0,0,0
3593,30.06616508,31.21899867,0.0,0.0,0,0
3600,42.829144517,-89.020919517,0.0,0.0,0,0
3602,47.443414388,-122.3025512695,47.443414384,-122.30255126925,0,0
3603,35.3706363566,-80.7181888819,0.0,0.0,0,0
3608,31.4650408409,-97.1676863581,0.0,0.0,0,0
3612,30.2557309927,-97.7633857727,30.25573099235,-97.76338577235,0,0
3625,44.8812351421,-93.2141017914,44.88123514205,-93.2141017912,0,0
3633,41.7309270902,-88.1296904932,0.0,0.0,0,0
3634,30.3910714527,-97.7384144068,0.0,0.0,0,0
3645,37.7566691942,-122.4209654331,0.0,0.0,0,0
3649,36.161540205,-86.7761847,0.0,0.0,0,0
3652,38.8552763833,-77.0503634833,0.0,0.0,0,0
3656,32.82310495,-117.103317633,0.0,0.0,0,0
3663,40.7062447071,-73.9501333237,0.0,0.0,0,0
3665,30.33666125,-97.72018325,0.0,0.0,0,0
3668,30.3324151,-97.7228736833,0.0,0.0,0,0
3670,30.4816636167,-97.6811727167,0.0,0.0,0,0
3680,45.5074450333,-73.5481279333,0.0,0.0,0,0
3686,30.3051652167,-97.9344108667,0.0,0.0,0,0
3691,30.2447763018,-97.7573170973,0.0,0.0,0,0
3694,30.26714855,-97.74442975,30.267148525000003,-97.744429725,0,0
3697,32.8127837333,-96.7536057,0.0,0.0,0,0
3702,30.2797884898,-97.7416118485,0.0,0.0,0,0
3715,30.3691177667,-97.8936715833,0.0,0.0,0,0
3716,33.915763818,-98.4976780415,0.0,0.0,0,0
3724,30.2580037984,-97.8073015809,30.2580037982,-97.80730158045,0,0
3727,35.774792,-78.762139,0.0,0.0,0,0
3728,47.32243922,5.037190267,0.0,0.0,0,0
3740,34.0430230998,-118.2671570778,34.0430230994,-118.26715707739999,0,0
3749,30.529766526,-97.8147661686,0.0,0.0,0,0
3760,32.8363293876,-96.7785733008,0.0,0.0,0,0
3761,-23.6492612882,-46.7299175262,0.0,0.0,0,0
3774,37.7648395492,-122.4234918825,0.0,0.0,0,0
3780,25.7325288154,-80.2368624351,0.0,0.0,0,0
3789,55.6669237285,12.5354578387,0.0,0.0,0,0
3805,40.7074172208,-74.0113627911,0.0,0.0,0,0
3814,30.2012329102,-97.8389892578,0.0,0.0,0,0
3817,30.2525429523,-97.7470135689,0.0,0.0,0,0
3821,30.3542160988,-97.7553766966,0.0,0.0,0,0
3822,37.42781275,-122.07496851,0.0,0.0,0,0
3825,27.5854636167,-97.2183587167,0.0,0.0,0,0
3827,30.508983,-97.682103,0.0,0.0,0,0
3828,29.750741591,-95.3621649742,0.0,0.0,0,0
3840,31.8031091407,-97.0994612575,0.0,0.0,0,0
3843,30.3382688791,-97.8071916103,0.0,0.0,0,0
3852,30.265294493,-97.7385485172,30.2652944915,-97.7385485171,0,0
3853,41.155425154,-73.774708757,0.0,0.0,0,0
3855,32.8517232,-96.7681476,0.0,0.0,0,0
3859,30.3054102652,-97.7467668056,0.0,0.0,0,0
3864,30.31104325,-97.74291515,0.0,0.0,0,0
3875,30.2646273022,-97.7419817448,0.0,0.0,0,0
3898,30.3879711079,-97.7333986759,0.0,0.0,0,0
3905,45.4794984167,-122.8566110333,0.0,0.0,0,0
3910,32.84061193,-96.789568,0.0,0.0,0,0
3936,34.6911242792,-86.5748565257,0.0,0.0,0,0
3940,30.2662349,-97.7451539333,0.0,0.0,0,0
3942,37.4054868333,-122.1106726667,0.0,0.0,0,0
3944,33.1526841667,-96.8635839333,0.0,0.0,0,0
3946,30.2654149575,-97.7401685715,0.0,0.0,0,0
3947,30.348245128,-97.73574543,0.0,0.0,0,0
3957,38.9623511333,-77.3631202667,0.0,0.0,0,0
3962,31.078921732,77.179677218,0.0,0.0,0,0
3975,37.4462125,-122.1613662667,0.0,0.0,0,0
3984,37.7858259859,-122.4065190554,0.0,0.0,0,0
3986,43.0841381786,-77.6762795448,0.0,0.0,0,0
3991,33.0041656833,-96.7703933,0.0,0.0,0,0
3995,29.9805910328,-95.5116469388,0.0,0.0,0,0
4009,33.90184877,-118.366385807,0.0,0.0,0,0
4012,32.8201103167,-96.78474425,0.0,0.0,0,0
4047,37.9778972333,-121.99287705,0.0,0.0,0,0
4055,30.3971399771,-97.7267897129,0.0,0.0,0,0
4059,-27.5300870167,153.07148505,0.0,0.0,0,0
4078,30.2714843241,-97.7416706085,0.0,0.0,0,0
4086,42.3764229742,-71.0606485605,0.0,0.0,0,0
4105,45.6648278833,8.9891753,0.0,0.0,0,0
4106,30.267601826,-97.7442133427,0.0,0.0,0,0
4109,38.1397042333,-78.4499399833,0.0,0.0,0,0
4112,30.2672588667,-97.7396321167,30.267258866349998,-97.73963211635,0,0
4116,30.26780605,-97.74154185,30.267806025,-97.741541825,0,0
4124,40.2541209369,-111.6585537371,0.0,0.0,0,0
4126,37.4535173937,-122.1823775768,0.0,0.0,0,0
4128,40.785545662,-74.0459311008,0.0,0.0,0,0
4130,28.4311095989,-81.3075828552,28.43110959845,-81.30758285510001,0,0
4133,30.4472712665,-97.7908462286,0.0,0.0,0,0
4137,37.87039875,-122.2677898333,0.0,0.0,0,0
4142,30.3067650667,-97.7445846167,0.0,0.0,0,0
4146,30.270083,-97.750427,30.2700815,-97.75042350000001,0,0
4148,30.3153949668,-97.7340263128,30.3153949664,-97.7340263124,0,0
4163,40.0168513615,-105.2773582935,40.016851361250005,-105.27735829325,0,0
4165,30.3220304833,-97.7396720167,0.0,0.0,0,0
4199,38.6553837592,-90.298693345,0.0,0.0,0,0
4200,39.0935326667,-94.5931743,0.0,0.0,0,0
4201,38.9715419647,-95.2353050728,38.971541964349996,-95.2353050724,0,0
4207,38.9711785167,-95.2350574333,38.97117851635,-95.23505743314999,0,0
4211,38.9692738566,-95.2361052154,0.0,0.0,0,0
4218,29.9839699528,-90.2578353882,29.9839699524,-90.2578353881,0,0
4224,44.8812351421,-93.2141017914,44.88123514205,-93.2141017912,0,0
4229,30.26714855,-97.74442975,30.267148525000003,-97.744429725,0,0
4234,37.7814657086,-122.3987731615,0.0,0.0,0,0
4235,37.7819137573,-122.4098510742,0.0,0.0,0,0
4239,30.26141515,-81.5537285167,0.0,0.0,0,0
4241,59.3098866833,18.0592571667,0.0,0.0,0,0
4253,26.1463356833,-80.12081535,0.0,0.0,0,0
4256,37.4393692295,-122.1737730503,0.0,0.0,0,0
4269,42.7018344093,-73.1153547764,0.0,0.0,0,0
4272,52.5198774333,13.3881898167,0.0,0.0,0,0
4285,13.785256,100.545462,0.0,0.0,0,0
4287,51.7414967667,0.4741954167,0.0,0.0,0,0
4288,1.34677708,103.93271416,0.0,0.0,0,0
4289,42.3704030842,-87.9360938072,0.0,0.0,0,0
4295,51.51774879,-0.157903883,0.0,0.0,0,0
4296,-30.0222507,-51.1624974,0.0,0.0,0,0
4300,41.341483619,-8.4737915159,0.0,0.0,0,0
4307,47.671896237,-117.090611335,0.0,0.0,0,0
4308,38.85375422,-77.05000221,0.0,0.0,0,0
4309,33.8649942667,-84.4812543167,0.0,0.0,0,0
4314,22.53451156,113.97977656,0.0,0.0,0,0
4318,42.313774429,-122.84657836,0.0,0.0,0,0
4326,37.3943017,-122.0787845333,0.0,0.0,0,0
4330,40.6438845363,-73.7828063965,40.64388453615,-73.78280639625001,0,0
4343,37.4287810339,-122.1504083713,0.0,0.0,0,0
4346,37.9030211888,-122.0652592346,0.0,0.0,0,0
4348,40.721722,-73.99689,0.0,0.0,0,0
4358,37.7897940842,-122.4073880911,0.0,0.0,0,0
4363,40.7615558667,-73.9703734167,0.0,0.0,0,0
4373,37.7943713167,-122.4212560667,0.0,0.0,0,0
4376,37.7954668725,-122.4613682485,0.0,0.0,0,0
4380,37.7022554,-122.4709829,0.0,0.0,0,0
4383,37.772436001,-122.404114064,0.0,0.0,0,0
4395,37.8737354974,-122.2541642189,0.0,0.0,0,0
4403,30.2671570431,-97.739149332,0.0,0.0,0,0
4404,58.970995722,5.735765316,0.0,0.0,0,0
4411,36.113185804,-95.97516297,0.0,0.0,0,0
4414,47.3651599167,8.5478075667,0.0,0.0,0,0
4424,25.7903865833,-80.1362464833,0.0,0.0,0,0
4428,45.52204385,-73.5739991667,0.0,0.0,0,0
4439,37.8707446386,-122.5037614744,0.0,0.0,0,0
4449,37.4293469571,-122.1662716077,37.42934695705,-122.16627160735,0,0
4453,37.6424923922,-122.4030546806,0.0,0.0,0,0
4460,37.7821282667,-122.3927146,0.0,0.0,0,0
4464,37.4438202333,-122.1615314333,0.0,0.0,0,0
4465,33.9835813047,-118.4365969641,0.0,0.0,0,0
4469,34.1153717057,-118.2586822525,0.0,0.0,0,0
4478,37.7954745377,-122.3959565163,0.0,0.0,0,0
4488,36.1988801621,-95.9037190676,0.0,0.0,0,0
4499,31.10191011,-97.34189647,0.0,0.0,0,0
4504,32.7583336667,-97.0668482667,0.0,0.0,0,0
4511,29.74713325,-95.4103649833,0.0,0.0,0,0
4517,42.2983892119,-71.3948464394,0.0,0.0,0,0
4526,34.8508699505,-82.3998427391,34.85086995025,-82.39984273905,0,0
4527,26.41498684,-80.11753726,0.0,0.0,0,0
4531,33.9945570333,-81.0366823167,0.0,0.0,0,0
4535,50.8226884667,-0.1460862167,0.0,0.0,0,0
4539,40.1348077149,-74.9612108836,0.0,0.0,0,0
4548,33.3807542667,-111.7565744167,0.0,0.0,0,0
4555,32.8977138806,-97.036678791,0.0,0.0,0,0
4556,37.6551167356,-77.6185761622,0.0,0.0,0,0
4561,42.4292060319,-71.0152924061,0.0,0.0,0,0
4564,33.6713541987,-117.6473522186,0.0,0.0,0,0
4565,43.6508331126,-79.3752937306,0.0,0.0,0,0
4568,33.0709892,-117.2659056,0.0,0.0,0,0
4573,43.6433426265,-79.3986546993,0.0,0.0,0,0
4580,36.1768427856,-115.1351094246,0.0,0.0,0,0
4584,45.5889060639,-122.5931739807,0.0,0.0,0,0
4616,35.4938044833,-97.5144087167,0.0,0.0,0,0
4617,35.6540881897,-97.5484013557,0.0,0.0,0,0
4618,34.43915015,-119.7291396167,0.0,0.0,0,0
4633,50.8255193514,-0.1390887994,0.0,0.0,0,0
4634,32.9495976167,-96.7835160833,0.0,0.0,0,0
4645,37.780697925,-122.3934962638,0.0,0.0,0,0
4648,32.9998232,-97.22846485,0.0,0.0,0,0
4655,36.1037054604,-115.1689926814,0.0,0.0,0,0
4660,38.9777154833,-76.7421256,0.0,0.0,0,0
4674,32.2243380547,-96.8856972456,0.0,0.0,0,0
4691,44.9120383727,-93.3189547062,0.0,0.0,0,0
4699,33.0511824139,-96.7947864532,0.0,0.0,0,0
4701,50.8235358815,-0.1383268833,0.0,0.0,0,0
4702,30.2758484764,-97.7399218082,0.0,0.0,0,0
4710,32.8631973167,-97.0583510333,0.0,0.0,0,0
4719,53.3411366387,-6.2627153139,0.0,0.0,0,0
4728,44.9736056833,-93.3084789,0.0,0.0,0,0
4740,37.4500914333,-122.1658578667,0.0,0.0,0,0
4747,32.8974616458,-97.040348053,32.8974616454,-97.0403480515,0,0
4748,21.2932530185,-157.8231739998,0.0,0.0,0,0
4752,33.746254613,-117.8696200949,0.0,0.0,0,0
4774,37.7948556438,-122.3957473039,0.0,0.0,0,0
4783,21.2842659611,-157.7067768574,0.0,0.0,0,0
4785,51.5359387831,-0.110861063,0.0,0.0,0,0
4793,42.5525270479,-70.9400725365,0.0,0.0,0,0
4796,49.2820071825,-123.1064039469,0.0,0.0,0,0
4803,40.0193019592,-105.2724686265,0.0,0.0,0,0
4804,35.5250140833,-97.5355271667,0.0,0.0,0,0
4808,47.9947825658,7.8465342522,0.0,0.0,0,0
4811,42.442482186,-83.046024473,0.0,0.0,0,0
4813,30.255937882,-97.76325346,0.0,0.0,0,0
4815,37.7953388902,-122.3937249184,0.0,0.0,0,0
4816,44.96771035,-124.016804433,0.0,0.0,0,0
4825,39.0618531333,-77.1592677,0.0,0.0,0,0
4833,42.3630639667,-71.1651650667,0.0,0.0,0,0
4851,33.4842574596,-112.0735555887,0.0,0.0,0,0
4852,32.941051578,-96.8377876282,0.0,0.0,0,0
4861,53.4851704,-2.2376256833,0.0,0.0,0,0
4869,40.3002886,-105.08817205,0.0,0.0,0,0
4874,47.6500186667,-122.3516899,0.0,0.0,0,0
4875,39.70909795,-105.0763858833,0.0,0.0,0,0
4878,37.789453943,-122.403885036,0.0,0.0,0,0
4883,32.804289917,-117.1541255,0.0,0.0,0,0
4897,1.2976490588,103.8832747936,0.0,0.0,0,0
4906,37.8018400833,-122.274761,0.0,0.0,0,0
4907,28.3713466601,-81.5157651901,0.0,0.0,0,0
4913,40.2241810667,-75.1370469833,0.0,0.0,0,0
4944,40.7646514005,-73.9857705784,0.0,0.0,0,0
4951,42.4468494298,-71.024703144,0.0,0.0,0,0
4954,42.26323109,-73.76775038,0.0,0.0,0,0
4967,30.26700785,-97.749578633,0.0,0.0,0,0
4968,35.4632193824,-97.5772579477,0.0,0.0,0,0
4982,40.715058,-73.9496216,0.0,0.0,0,0
4986,40.6401071227,-73.7864112854,0.0,0.0,0,0
5008,53.7489020384,-2.4855261891,0.0,0.0,0,0
5015,40.7287547754,-73.9954304695,0.0,0.0,0,0
5022,38.94718765,-92.3288226,0.0,0.0,0,0
5040,42.4441558274,-73.253540494,0.0,0.0,0,0
5046,42.951978719,-76.545525541,0.0,0.0,0,0
5051,37.61467,-122.3851,37.614635,-122.38505,0,0
5058,32.05154925,34.7508707,0.0,0.0,0,0
5073,37.44815485,-122.1605199833,0.0,0.0,0,0
5074,37.2220970833,-121.9830544667,0.0,0.0,0,0
5078,37.5373680333,-122.2673812833,0.0,0.0,0,0
5089,37.8221957667,-122.53118805,0.0,0.0,0,0
5093,38.557262867,-121.259229883,0.0,0.0,0,0
5098,37.759688872,-122.4271774292,37.759688870999994,-122.4271774291,0,0
5103,37.4269115833,-122.1443653,0.0,0.0,0,0
5115,37.357492136,-121.935732444,0.0,0.0,0,0
5118,37.4213841679,-122.1567571163,0.0,0.0,0,0
5130,32.8974616458,-97.040348053,32.8974616454,-97.0403480515,0,0
5138,30.3086064,-97.9199828,0.0,0.0,0,0
5143,30.2811204101,-97.7452111244,30.28112041005,-97.7452111242,0,0
5145,38.980962928,1.29591465,0.0,0.0,0,0
5150,30.29805078,-97.747869239,0.0,0.0,0,0
5152,30.4329306,-97.7607700667,0.0,0.0,0,0
5159,30.2811204101,-97.7452111244,30.28112041005,-97.7452111242,0,0
5161,39.0419078068,-94.5935359855,39.0419078064,-94.59353598525,0,0
5163,29.603420672,-98.469223523,0.0,0.0,0,0
5171,32.9433880764,-97.1319401264,0.0,0.0,0,0
5177,34.7241986485,-98.5988295078,0.0,0.0,0,0
5178,32.8077553667,-96.8098443167,0.0,0.0,0,0
5185,32.9915958333,-96.9753761167,0.0,0.0,0,0
5191,29.9856449891,-95.3444948502,0.0,0.0,0,0
5193,41.7020759222,-86.2389850616,0.0,0.0,0,0
5194,32.29279495,-95.3048247833,0.0,0.0,0,0
5195,32.7560793108,-97.3305416107,0.0,0.0,0,0
5206,35.3172559833,-97.4889026833,0.0,0.0,0,0
5208,35.6687814333,-97.51494395,0.0,0.0,0,0
5209,29.9877985723,-95.3393554688,29.987798572149998,-95.33935546839999,0,0
5219,30.2280697167,-97.76891765,0.0,0.0,0,0
5220,49.901210573,-97.211611895,0.0,0.0,0,0
5234,34.599811311,-118.148819474,0.0,0.0,0,0
5246,35.6233086927,-97.4825906754,35.62330869235,-97.4825906752,0,0
5257,35.385156602,-119.105770191,0.0,0.0,0,0
5262,30.3950209167,-97.7484468667,0.0,0.0,0,0
5276,42.0366718159,-88.2401704788,0.0,0.0,0,0
5285,40.7179355,-73.99150925,0.0,0.0,0,0
5305,37.7615074333,-122.4247361167,0.0,0.0,0,0
5311,37.78246735,-122.38804595,0.0,0.0,0,0
5316,37.773138563,-122.422875756,0.0,0.0,0,0
5317,51.7539952859,-1.2618451602,0.0,0.0,0,0
5322,37.7661215333,-122.4220989167,0.0,0.0,0,0
5329,37.7836761578,-122.4030380599,0.0,0.0,0,0
5341,30.265331559,-97.7355980873,0.0,0.0,0,0
5357,33.223455,-96.689091,0.0,0.0,0,0
5364,37.6163560649,-122.3861503601,37.61635606445,-122.38615036005001,0,0
5367,41.9540681,-87.6750101167,0.0,0.0,0,0
5370,32.915988,-96.961626,0.0,0.0,0,0
5374,-33.8773197833,151.2139129833,0.0,0.0,0,0
5383,32.8974616458,-97.040348053,32.8974616454,-97.0403480515,0,0
5393,37.001524217,-121.920592067,0.0,0.0,0,0
5397,47.6172148589,-122.2011315823,0.0,0.0,0,0
5411,38.2562114636,-85.7643842697,0.0,0.0,0,0
5412,51.4711990231,-0.4536151886,51.47119902305,-0.4536151883,0,0
5422,44.283713,-73.981947,0.0,0.0,0,0
5429,18.4301183333,-69.6768527333,0.0,0.0,0,0
5435,41.1699966667,-73.4984482833,0.0,0.0,0,0
5444,37.421230795,-122.2121715546,0.0,0.0,0,0
5454,26.3507462886,-80.0853315073,0.0,0.0,0,0
5456,39.7811231,-86.1618070667,0.0,0.0,0,0
5461,21.3331932881,-157.9205703735,21.333193288049998,-157.92057037325,0,0
5471,40.0194395844,-105.2793055773,0.0,0.0,0,0
5481,36.1361851012,-115.151706934,0.0,0.0,0,0
5485,37.785102377,-122.4004902459,0.0,0.0,0,0
5498,37.78106825,-122.4024706667,0.0,0.0,0,0
5526,36.1270195833,-115.2100459333,0.0,0.0,0,0
5530,37.7234880167,-122.4020139,0.0,0.0,0,0
5536,34.1037866167,-118.2916707167,0.0,0.0,0,0
5555,37.4535173937,-122.1823775768,0.0,0.0,0,0
5557,29.652087778,-82.3251914978,0.0,0.0,0,0
5562,30.2526723667,-97.74507715,0.0,0.0,0,0
5565,37.7648846167,-122.42260265,37.76488461635,-122.422602625,0,0
5575,38.684620496,-121.17923958,0.0,0.0,0,0
5577,30.2707337816,-97.7537029982,30.270733781300002,-97.7537029981,0,0
5599,30.2707337816,-97.7537029982,30.270733781300002,-97.7537029981,0,0
5603,37.7866230142,-122.4041211605,0.0,0.0,0,0
5619,37.7916678343,-122.4278104305,0.0,0.0,0,0
5625,49.2809088333,-123.1044482667,0.0,0.0,0,0
5628,37.7626650667,-122.39608225,0.0,0.0,0,0
5638,37.7529029064,-122.4083912373,0.0,0.0,0,0
5640,34.0555483265,-118.2498192787,0.0,0.0,0,0
5641,37.7931159746,-122.3918410907,0.0,0.0,0,0
5644,33.63460625,-111.9773919667,0.0,0.0,0,0
5651,40.7369662185,-73.989434286,0.0,0.0,0,0
5652,50.8235358815,-0.1383268833,0.0,0.0,0,0
5654,30.2841460667,-97.71858215,30.28414606635,-97.71858212500001,0,0
5658,30.2648496997,-97.7312850952,30.264849699350002,-97.73128509509999,0,0
5663,30.2766684833,-97.7519365167,0.0,0.0,0,0
5666,30.24197685,-97.76581585,0.0,0.0,0,0
5671,32.827529824,-97.298300646,0.0,0.0,0,0
5672,29.7663241625,-95.4092484713,0.0,0.0,0,0
5677,30.272031012,-97.7541106939,30.272031011,-97.75411069345,0,0
5681,30.26705743,-97.7362686396,0.0,0.0,0,0
5687,37.7517926333,-122.4276765667,0.0,0.0,0,0
5693,40.6438845363,-73.7828063965,40.64388453615,-73.78280639625001,0,0
5695,30.2629871058,-97.7563261986,0.0,0.0,0,0
5699,30.261244,-97.74279,30.261242000000003,-97.742745,0,0
5703,30.2602348501,-97.7509617805,30.26023485005,-97.75096178025001,0,0
5714,30.2649630167,-97.73164035,0.0,0.0,0,0
5722,37.6291812,-122.40319997,0.0,0.0,0,0
5735,30.2298736543,-97.7314300494,0.0,0.0,0,0
5738,37.6163560649,-122.3861503601,37.61635606445,-122.38615036005001,0,0
5740,30.2369534281,-97.7494597435,0.0,0.0,0,0
5741,30.2810248667,-97.7586527333,0.0,0.0,0,0
5746,30.2634967743,-97.7580749989,0.0,0.0,0,0
5748,30.2826696333,-97.7422088333,0.0,0.0,0,0
5768,30.5601545826,-97.6905047894,30.5601545823,-97.69050478919999,0,0
5775,52.5308864833,13.4108328167,0.0,0.0,0,0
5784,30.2621386839,-97.7424075848,0.0,0.0,0,0
5787,47.9925573167,2.7328345,0.0,0.0,0,0
5789,30.2675068465,-97.739956677,0.0,0.0,0,0
5792,52.5327815399,13.412976265,0.0,0.0,0,0
5801,36.80605971,-119.70115607,0.0,0.0,0,0
5808,33.7827499933,-84.393260479,0.0,0.0,0,0
5820,37.8596256131,-122.4858082382,0.0,0.0,0,0
5829,42.3679933813,-71.0765862465,0.0,0.0,0,0
5843,33.80540567,-118.35132008,0.0,0.0,0,0
5859,46.51569539,-0.65279251,0.0,0.0,0,0
5867,37.7676251089,-122.231771713,0.0,0.0,0,0
5877,37.7016190689,-121.899407208,0.0,0.0,0,0
5878,40.8908980333,-72.37472435,0.0,0.0,0,0
5882,30.3382688791,-97.8071916103,0.0,0.0,0,0
5883,27.699170784,111.655553967,0.0,0.0,0,0
5887,38.546862,-89.863827,0.0,0.0,0,0
5893,41.2948331582,2.0789909363,0.0,0.0,0,0
5899,43.701557089,-79.3972943539,0.0,0.0,0,0
5905,41.9780286285,-87.9036712646,41.97802862825,-87.9036712643,0,0
5914,45.5698567629,-122.6870781183,0.0,0.0,0,0
5937,33.4986799167,-111.92619855,0.0,0.0,0,0
5947,40.1416290167,-82.9881025667,0.0,0.0,0,0
5958,30.2636079743,-97.7395677567,30.26360797415,-97.73956775635,0,0
5961,42.513220481,-83.099727183,0.0,0.0,0,0
5963,43.1550113081,-77.6189339161,0.0,0.0,0,0
5965,37.7529224167,-122.4075517833,37.75292241635,-122.40755178315,0,0
5986,38.9086631356,-77.0426023006,0.0,0.0,0,0
5989,59.60190315,-151.423011617,0.0,0.0,0,0
6010,37.7569830429,-122.2497975826,0.0,0.0,0,0
6029,45.54044415,-122.6638216667,0.0,0.0,0,0
6031,29.7673190564,-95.4097045491,0.0,0.0,0,0
6032,35.6107216333,-97.58349895,0.0,0.0,0,0
6038,35.5462353833,-97.5122543333,0.0,0.0,0,0
6044,55.869147063,-4.4355583191,0.0,0.0,0,0
6055,35.4656669667,-97.51046975,0.0,0.0,0,0
6057,38.6490700803,-121.5182304382,0.0,0.0,0,0
6059,37.3664565757,-121.9263339043,37.36645657535,-121.92633390415,0,0
6072,33.7403734592,-84.3583703041,0.0,0.0,0,0
6075,39.952232417,-75.197647883,0.0,0.0,0,0
6076,30.265331559,-97.7355980873,0.0,0.0,0,0
6080,45.5226767,-122.6733613,45.52267635,-122.67336115,0,0
6081,33.7706729833,-84.3528813167,0.0,0.0,0,0
6088,34.0953021007,-84.174939394,0.0,0.0,0,0
6090,33.7466141,-84.3768722167,0.0,0.0,0,0
6113,30.2671515833,-97.7360916,30.26715158315,-97.7360913,0,0
6120,30.4633649333,-97.6659149667,0.0,0.0,0,0
6136,30.3127282831,-97.7384792405,0.0,0.0,0,0
6139,-33.9714098084,18.5995101929,0.0,0.0,0,0
6154,30.2335608496,-97.8244543076,0.0,0.0,0,0
6156,30.209779688,-97.775268006,0.0,0.0,0,0
6174,37.1575076833,-93.2633004833,0.0,0.0,0,0
6180,37.5363317833,-122.2998027333,0.0,0.0,0,0
6207,48.8583481772,2.2943508625,0.0,0.0,0,0
6215,30.2842519344,-97.6074850559,0.0,0.0,0,0
6240,40.0220523575,-105.2540954947,0.0,0.0,0,0
6247,45.352548517,-79.117081733,0.0,0.0,0,0
6254,-37.8058353667,144.94355725,0.0,0.0,0,0
6285,39.8495018818,-104.673871994,39.8495018814,-104.67387199199999,0,0
6288,39.7115295333,-104.9830070333,0.0,0.0,0,0
6319,47.5713348833,-122.29300825,0.0,0.0,0,0
6326,33.0301509667,-96.7940703833,0.0,0.0,0,0
6329,49.289223117,-123.0389374,0.0,0.0,0,0
6336,49.2807333825,-123.1172025204,0.0,0.0,0,0
6339,49.2820701718,-123.1335479021,0.0,0.0,0,0
6345,47.6105117333,-122.3367792347,0.0,0.0,0,0
6352,37.4157602871,-122.1525514126,37.41576028705,-122.1525514123,0,0
6373,34.0263724167,-118.4555483167,0.0,0.0,0,0
6382,37.3924678132,-122.0407998562,0.0,0.0,0,0
6393,41.7059025071,-73.9391769665,0.0,0.0,0,0
6399,37.7955948133,-122.3944990198,0.0,0.0,0,0
6406,34.0359221333,-118.44530305,0.0,0.0,0,0
6413,38.8026615467,-77.0618298711,0.0,0.0,0,0
6423,35.39200625,-97.5492489338,0.0,0.0,0,0
6439,35.6394323497,-97.5325655937,0.0,0.0,0,0
6442,35.1607551667,-106.71656565,0.0,0.0,0,0
6458,35.660097962,-97.506097251,0.0,0.0,0,0
6461,35.5247434064,-97.5454187393,0.0,0.0,0,0
6466,35.6065886284,-97.6003718376,0.0,0.0,0,0
6474,1.3012669333,103.8391699833,0.0,0.0,0,0
6480,37.8133514833,-122.268121,0.0,0.0,0,0
6492,37.4223555227,-122.0880496502,37.42235552235,-122.0880496501,0,0
6496,39.0853311833,-108.5520591833,0.0,0.0,0,0
6510,30.2957788809,-97.7409169078,0.0,0.0,0,0
6528,38.8866402238,-77.0326673985,0.0,0.0,0,0
6540,40.740534663,-74.005998373,0.0,0.0,0,0
6544,37.7883648527,-122.4203336334,0.0,0.0,0,0
6553,37.3253923079,-121.8628138304,0.0,0.0,0,0
6554,51.5103925993,-0.1269265639,0.0,0.0,0,0
6595,51.4575148508,-2.5920298669,0.0,0.0,0,0
6605,37.8034401132,-122.4132542827,0.0,0.0,0,0
6606,40.7017115667,-73.7960707167,0.0,0.0,0,0
6609,-33.8734086383,151.1985039711,-33.873408638149996,151.19850397105,0,0
6623,38.252654317,-122.630061867,0.0,0.0,0,0
6662,38.9674080827,-95.2351502983,0.0,0.0,0,0
6667,35.001562971,-80.568394137,0.0,0.0,0,0
6685,39.096998,-94.583508,0.0,0.0,0,0
6707,32.9341357833,-96.8661260667,0.0,0.0,0,0
6709,43.6501309939,-79.4505047817,0.0,0.0,0,0
6718,34.0743124167,-118.3608488667,0.0,0.0,0,0
6730,33.04715165,-97.106757633,0.0,0.0,0,0
6733,40.388700367,-80.0497270548,0.0,0.0,0,0
6742,30.2691029532,-97.7493953705,30.269102953100003,-97.74939537025,0,0
6743,30.2493640765,-97.7494704723,30.24936407625,-97.74947047215,0,0
6748,44.6403265833,-63.5705962333,0.0,0.0,0,0
6749,49.0203242384,8.4410701825,0.0,0.0,0,0
6754,48.1243267167,11.5485538,0.0,0.0,0,0
6758,32.777050119,-96.758093207,32.7770501145,-96.75809320350001,0,0
6764,59.359466165,18.0031584566,0.0,0.0,0,0
6767,37.7976024757,-122.4307206273,0.0,0.0,0,0
6779,49.000372852,8.3852398396,0.0,0.0,0,0
6786,59.3301577,18.0580794811,0.0,0.0,0,0
6791,37.8932416667,-122.1250793667,0.0,0.0,0,0
6792,36.0919022,-95.88871335,0.0,0.0,0,0
6816,52.375139737,4.53063191,0.0,0.0,0,0
6831,46.8417155833,14.83890975,0.0,0.0,0,0
6833,26.1781082153,-81.7997512817,0.0,0.0,0,0
6843,49.0108337565,8.3946380663,0.0,0.0,0,0
6845,42.7252609833,-71.4462614833,0.0,0.0,0,0
6848,50.962024972,6.951738105,0.0,0.0,0,0
6872,37.6163560649,-122.3861503601,37.61635606445,-122.38615036005001,0,0
6889,39.7524408667,-104.9963766,0.0,0.0,0,0
6918,30.258075786,-81.525520556,0.0,0.0,0,0
6925,33.742736204,-118.2927558471,0.0,0.0,0,0
6926,37.276252343,127.073686633,0.0,0.0,0,0
6931,48.4697701428,7.9581570625,0.0,0.0,0,0
6937,49.4579276667,11.0671719,0.0,0.0,0,0
6945,32.308281319,-110.8553552628,0.0,0.0,0,0
6960,36.0162939833,-115.11966595,0.0,0.0,0,0
6965,55.5959295877,13.0004906786,0.0,0.0,0,0
6967,41.75844269,-88.2128511,0.0,0.0,0,0
6994,53.4795162485,-2.2181975842,0.0,0.0,0,0
7009,41.3888342,2.1321443667,0.0,0.0,0,0
7010,30.4816053,-97.8050855133,0.0,0.0,0,0
7016,33.9895553589,-80.9807281494,0.0,0.0,0,0
7020,35.2257793033,-80.8528518677,0.0,0.0,0,0
7024,49.0104230972,8.3956360817,0.0,0.0,0,0
7033,51.324295992,9.505370363,0.0,0.0,0,0
7041,37.6163560649,-122.3861503601,37.61635606445,-122.38615036005001,0,0
7044,38.8367919922,-104.8227996826,0.0,0.0,0,0
7048,34.021012567,-118.284821183,0.0,0.0,0,0
7049,50.107083533,8.6900801,0.0,0.0,0,0
7058,47.004653,7.10027575,0.0,0.0,0,0
7059,28.2490360737,-81.3092833757,0.0,0.0,0,0
7067,39.9198536167,-75.0024566167,0.0,0.0,0,0
7086,29.5927688833,-95.6495233333,0.0,0.0,0,0
7126,25.0154450747,121.5205022693,0.0,0.0,0,0
7163,41.9395136634,-87.6540380716,0.0,0.0,0,0
7167,50.8282968485,-0.1389598846,0.0,0.0,0,0
7168,40.28054715,-111.6879249,0.0,0.0,0,0
7181,33.6853058346,-117.8113845784,0.0,0.0,0,0
7194,32.7164606146,-117.1609604359,0.0,0.0,0,0
7200,37.0982036916,140.0010430813,0.0,0.0,0,0
7242,34.93942545,-82.2684528667,0.0,0.0,0,0
7245,37.4208948,-122.1724507,0.0,0.0,0,0
7261,39.1266193167,-94.8274201167,0.0,0.0,0,0
7272,37.6163560649,-122.3861503601,37.61635606445,-122.38615036005001,0,0
7290,29.9877985723,-95.3393554688,29.987798572149998,-95.33935546839999,0,0
7299,30.26955485,-97.74220705,0.0,0.0,0,0
7312,45.2100031667,-123.19492945,0.0,0.0,0,0
7318,30.2541414667,-97.7623172167,0.0,0.0,0,0
